2.991299999999999955e+02
1.947299999999999898e+02
1.438799999999999955e+02
1.065599999999999881e+02
7.910999999999999943e+01
5.717999999999999972e+01
4.169999999999999574e+01
3.026999999999999957e+01
2.175000000000000000e+01
1.568999999999999773e+01
1.106999999999999851e+01
7.859999999999999432e+00
5.459999999999999964e+00
3.959999999999999520e+00
3.000000000000000000e+00
2.310000000000000053e+00
1.799999999999999822e+00
1.320000000000000062e+00
1.050000000000000044e+00
8.399999999999999689e-01
6.600000000000000311e-01
5.699999999999999512e-01
4.799999999999999822e-01
4.199999999999999845e-01
3.599999999999999867e-01
2.999999999999999889e-01
2.790000000000000258e-01
2.520000000000000018e-01
2.279999999999999805e-01
2.099999999999999922e-01
1.890000000000000013e-01
1.799999999999999933e-01
1.650000000000000078e-01
1.559999999999999998e-01
1.409999999999999865e-01
1.350000000000000089e-01
1.260000000000000009e-01
1.199999999999999956e-01
1.139999999999999902e-01
1.079999999999999988e-01
9.900000000000000466e-02
9.600000000000000200e-02
8.999999999999999667e-02
8.699999999999999400e-02
8.400000000000000522e-02
8.100000000000000255e-02
7.799999999999999989e-02
7.499999999999999722e-02
7.199999999999999456e-02
6.900000000000000577e-02
6.600000000000000311e-02
6.300000000000000044e-02
5.999999999999999778e-02
5.699999999999999512e-02
5.699999999999999512e-02
5.399999999999999939e-02
5.100000000000000366e-02
5.100000000000000366e-02
4.800000000000000100e-02
4.499999999999999833e-02
4.499999999999999833e-02
