0.3e+00 0.3e+00 0.3e+00  3.0e+00  15.0e+00  30.0e+00
1.0e+00 1.1e+00 1.0e+00  5.6e+00  23.2e+00  43.3e+00
1.1e+00 1.2e+00 1.1e+00  6.9e+00  28.7e+00  56.3e+00
1.1e+00 1.2e+00 1.2e+00  8.2e+00  34.3e+00  63.5e+00
1.3e+00 1.3e+00 1.3e+00  9.3e+00  39.8e+00  73.8e+00
1.4e+00 1.4e+00 1.4e+00 10.7e+00  45.3e+00  84.0e+00
1.4e+00 1.5e+00 1.4e+00 12.0e+00  50.8e+00  94.3e+00
1.6e+00 1.6e+00 1.6e+00 13.4e+00  56.3e+00 105.0e+00
1.7e+00 1.7e+00 1.7e+00 14.6e+00  61.6e+00 115.0e+00
1.7e+00 1.8e+00 1.7e+00 15.9e+00  67.1e+00 125.0e+00
1.8e+00 1.9e+00 1.8e+00 17.2e+00  72.6e+00 135.0e+00
1.9e+00 2.0e+00 1.9e+00 18.4e+00  78.1e+00 145.0e+00
2.0e+00 2.0e+00 2.0e+00 19.8e+00  84.2e+00 155.0e+00
2.1e+00 2.1e+00 2.1e+00 21.1e+00  90.3e+00 165.0e+00
2.2e+00 2.2e+00 2.2e+00 22.6e+00  94.6e+00 174.0e+00
2.2e+00 2.3e+00 2.3e+00 23.5e+00 100.0e+00 184.0e+00
2.3e+00 2.3e+00 2.3e+00 24.8e+00 106.0e+00 193.0e+00
2.4e+00 2.4e+00 2.4e+00 26.1e+00 111.0e+00 202.0e+00
2.4e+00 2.5e+00 2.4e+00 27.4e+00 117.0e+00 211.0e+00
2.5e+00 2.6e+00 2.5e+00 28.6e+00 122.0e+00 219.0e+00
2.6e+00 2.6e+00 2.6e+00 29.9e+00 128.0e+00 227.0e+00