5.10e-3     0.06e-3
4.95e-4     0.15e-4
1.40e-4     0.07e-4
6.19e-5     0.23e-5
3.86e-5     0.22e-5
3.14e-5     0.14e-5
2.98e-5     0.17e-5
2.74e-5     0.13e-5
2.58e-5     0.10e-5
2.45e-5     0.08e-5
2.32e-5     0.05e-5
2.24e-5     0.04e-5
2.18e-5     0.04e-5
2.12e-5     0.03e-5
2.07e-5     0.02e-5
2.02e-5     0.02e-5
1.98e-5     0.02e-5
1.94e-5     0.02e-5
1.91e-5     0.01e-5
1.89e-5     0.01e-5
1.86e-5     0.01e-5
1.83e-5     0.01e-5
1.81e-5     0.01e-5
1.79e-5     0.01e-5
1.77e-5     0.01e-5